# time, Cp, dv, du, dq, dT, T
202500,7.48051,4e-06,-0.00176,-0.001728,-0.000231,0.900717
402500,4.32432,-3.9e-05,-0.00182,-0.00213189,-0.000493,0.900224
602500,8.92951,-4e-05,-0.00235,-0.00266992,-0.000299,0.899925
802500,3.46228,-2e-05,-0.00145,-0.00160996,-0.000465,0.89946
1002500,5.48394,-2.1e-05,-0.00219,-0.00235809,-0.00043,0.89903
1202500,2.88962,7e-06,-0.00168,-0.00162396,-0.000562,0.898468
1402500,7.51373,-5.5e-05,-0.00225,-0.00268992,-0.000358,0.89811
1602500,6.21087,-3.9e-05,-0.00175,-0.00206201,-0.000332,0.897778
1802500,8.13646,-1.2e-05,-0.00193,-0.00202598,-0.000249,0.897529
2002500,5.56565,-8e-06,-0.00214,-0.002204,-0.000396,0.897133
2202500,6.13024,-2.8e-05,-0.00194,-0.00216397,-0.000353,0.89678
2402500,3.37179,-3.7e-05,-0.0017,-0.0019961,-0.000592,0.896188
2602500,7.40561,2.3e-05,-0.00265,-0.00246607,-0.000333,0.895855
2802500,5.16646,-7.6e-05,-0.00227,-0.00287772,-0.000557,0.895298
3002500,5.72817,-1.7e-05,-0.00117,-0.00130602,-0.000228,0.89507
3202500,3.50607,-1.9e-05,-0.00158,-0.001732,-0.000494,0.894576
3402500,6.00052,-6.7e-05,-0.001,-0.00153613,-0.000256,0.89432
3602500,5.30795,4e-06,-0.0031,-0.003068,-0.000578,0.893742
3802500,9.92768,-1.5e-05,-0.00263,-0.00274997,-0.000277,0.893465
4002500,5.21182,-7.2e-05,-0.00167,-0.0022463,-0.000431,0.893034
4202500,4.38181,3e-06,-0.00147,-0.001446,-0.00033,0.892704
4402500,4.11128,-1.4e-05,-0.00277,-0.00288201,-0.000701,0.892003
4602500,7.44407,-2.8e-05,-0.00122,-0.00144415,-0.000194,0.891809
4802500,5.10837,-3.1e-05,-0.00131,-0.00155805,-0.000305,0.891504
5002500,4.88841,-9e-06,-0.00247,-0.00254198,-0.00052,0.890984
5202500,5.41571,-3.6e-05,-0.00203,-0.00231792,-0.000428,0.890556
5402500,6.30109,-2.8e-05,-0.00258,-0.00280398,-0.000445,0.890111
5602500,4.0856,2e-06,-0.00183,-0.00181401,-0.000444,0.889667
5802500,8.31794,-4.8e-05,-0.00202,-0.00240388,-0.000289,0.889378
6002500,8.82011,-4.1e-05,-0.00178,-0.00210801,-0.000239,0.889139
6202500,5.00873,-3.8e-05,-0.00201,-0.00231403,-0.000462,0.888677
6402500,4.77014,-5e-06,-0.00162,-0.00166001,-0.000348,0.888329
6602500,2.86831,-1.8e-05,-0.00164,-0.00178409,-0.000622,0.887707
6802500,7.39695,-1.3e-05,-0.0023,-0.00240401,-0.000325,0.887382
7002500,7.5059,-4e-05,-0.00281,-0.00312996,-0.000417,0.886965
7202500,5.04947,-1.6e-05,-0.00171,-0.00183801,-0.000364,0.886601
7402500,6.01989,-6.1e-05,-0.00142,-0.00190831,-0.000317,0.886284
7602500,5.04661,1.6e-05,-0.00251,-0.002382,-0.000472,0.885812
7802500,7.40492,-3.8e-05,-0.00211,-0.002414,-0.000326,0.885486
8002500,3.54413,-3.2e-05,-0.00203,-0.00228596,-0.000645,0.884841
8202500,3.78453,-1.7e-05,-0.00148,-0.001616,-0.000427,0.884414
8402500,10.7055,-2.1e-05,-0.00223,-0.00239804,-0.000224,0.88419
8602500,5.48596,-4.1e-05,-0.00185,-0.00217793,-0.000397,0.883793
8802500,10.1969,0,-0.00259,-0.00259,-0.000254,0.883539
9002500,3.75128,-6.1e-05,-0.00147,-0.00195817,-0.000522,0.883017
9202500,7.96885,-3.4e-05,-0.00278,-0.00305207,-0.000383,0.882634
9402500,4.30968,-2.1e-05,-0.00128,-0.00144805,-0.000336,0.882298
9602500,6.04798,-1.3e-05,-0.00217,-0.00227404,-0.000376,0.881922
9802500,4.3407,-4e-06,-0.00193,-0.001962,-0.000452,0.88147
10002500,5.4246,-3.8e-05,-0.00192,-0.00222409,-0.00041,0.88106
10202500,6.86865,-3.5e-05,-0.00165,-0.00193009,-0.000281,0.880779
10402500,4.63619,-3.4e-05,-0.00206,-0.00233201,-0.000503,0.880276
10602500,4.28165,-1.1e-05,-0.00198,-0.00206804,-0.000483,0.879793
10802500,5.47594,-2.8e-05,-0.00218,-0.00240394,-0.000439,0.879354
11002500,10.7735,-1.1e-05,-0.00253,-0.00261795,-0.000243,0.879111
11202500,5.2788,-4.6e-05,-0.00111,-0.00147806,-0.00028,0.878831
11402500,4.12776,2e-06,-0.00189,-0.001874,-0.000454,0.878377
11602500,3.00027,-3.4e-05,-0.00175,-0.00202218,-0.000674,0.877703
11802500,7.8978,-3e-05,-0.00254,-0.00278002,-0.000352,0.877351
12002500,6.35228,-4e-05,-0.00217,-0.00249009,-0.000392,0.876959
12202500,7.35501,-1.2e-05,-0.00239,-0.00248599,-0.000338,0.876621
12402500,6.17149,-1.3e-05,-0.00184,-0.00194402,-0.000315,0.876306
12602500,2.63001,-4e-05,-0.00074,-0.00105989,-0.000403,0.875903
12802500,9.57775,-2.5e-05,-0.0032,-0.0034001,-0.000355,0.875548
13002500,4.59128,4e-06,-0.00202,-0.00198802,-0.000433,0.875115
13202500,2.7652,-3.5e-05,-0.00131,-0.00158999,-0.000575,0.87454
13402500,9.2234,-4.1e-05,-0.00302,-0.00334809,-0.000363,0.874177
13602500,6.00567,-3.6e-05,-0.00197,-0.00225813,-0.000376,0.873801
13802500,5.62142,-2e-05,-0.00183,-0.00198998,-0.000354,0.873447
14002500,5.32633,-3.1e-05,-0.00233,-0.00257794,-0.000484,0.872963
14202500,4.72034,-1.5e-05,-0.00123,-0.00135002,-0.000286,0.872677
14402500,5.90978,-2.8e-05,-0.00227,-0.00249393,-0.000422,0.872255
14602500,6.75092,-1.9e-05,-0.00215,-0.00230207,-0.000341,0.871914
14802500,6.53376,-7.7e-05,-0.00254,-0.00315581,-0.000483,0.871431
15002500,5.37235,5e-06,-0.00206,-0.00202,-0.000376,0.871055
15202500,5.13892,-1.7e-05,-0.00175,-0.00188598,-0.000367,0.870688
15402500,4.50929,-4.5e-05,-0.00189,-0.00225013,-0.000499,0.870189
15602500,4.31896,7e-06,-0.00206,-0.002004,-0.000464,0.869725
15802500,3.94043,-5.8e-05,-0.00125,-0.00171409,-0.000435,0.86929
16002500,12.2488,-1.3e-05,-0.00275,-0.00285397,-0.000233,0.869057
16202500,5.11391,-3.8e-05,-0.00167,-0.00197397,-0.000386,0.868671
16402500,7.02718,3e-06,-0.00287,-0.00284601,-0.000405,0.868266
16602500,4.21951,-3.5e-05,-0.00164,-0.00191988,-0.000455,0.867811
16802500,5.18966,-4.2e-05,-0.00229,-0.00262597,-0.000506,0.867305
17002500,13.13,-3.8e-05,-0.00244,-0.00274416,-0.000209,0.867096
17202500,5.49693,-1.6e-05,-0.00256,-0.002688,-0.000489,0.866607
17402500,4.48539,-2.4e-05,-0.00149,-0.00168202,-0.000375,0.866232
17602500,3.8522,-2.5e-05,-0.00131,-0.00151006,-0.000392,0.86584
17802500,5.9629,-1.5e-05,-0.00245,-0.00257001,-0.000431,0.865409
18002500,5.51547,-2.8e-05,-0.0026,-0.00282392,-0.000512,0.864897
18202500,3.68232,-1.1e-05,-0.00186,-0.00194795,-0.000529,0.864368
18402500,-15.6033,-5.1e-05,-0.00148,-0.00188801,0.000121,0.864489
18602500,4.89734,-5.2e-05,-0.00264,-0.00305594,-0.000624,0.863865
18802500,4.03119,5e-06,-0.00185,-0.00181,-0.000449,0.863416
19002500,4.39773,-5.4e-05,-0.00134,-0.00177229,-0.000403,0.863013
19202500,5.91771,2.1e-05,-0.00218,-0.00201202,-0.00034,0.862673
19402500,4.76266,-3.1e-05,-0.0017,-0.00194793,-0.000409,0.862264
19602500,5.39603,-4.1e-05,-0.00264,-0.00296782,-0.00055,0.861714
19802500,6.59072,1e-06,-0.00157,-0.001562,-0.000237,0.861477
20002500,7.8618,-3.5e-05,-0.00222,-0.00250005,-0.000318,0.861159
20202500,4.87582,-6e-05,-0.00207,-0.00255006,-0.000523,0.860636
20402500,9.57547,-2.2e-05,-0.00262,-0.00279604,-0.000292,0.860344
20602500,6.8369,-2.4e-05,-0.0027,-0.00289201,-0.000423,0.859921
20802500,3.33463,-2.8e-05,-0.00142,-0.00164397,-0.000493,0.859428
21002500,4.7234,-1.2e-05,-0.00168,-0.001776,-0.000376,0.859052
21202500,5.83704,5e-06,-0.00269,-0.00265001,-0.000454,0.858598
21402500,6.70187,-6e-05,-0.00141,-0.00188993,-0.000282,0.858316
21602500,6.6515,-4.9e-05,-0.00308,-0.00347208,-0.000522,0.857794
21802500,2.83748,-1.2e-05,-0.0009,-0.000995956,-0.000351,0.857443
22002500,5.45135,4e-06,-0.00188,-0.00184801,-0.000339,0.857104
22202500,6.60076,-2.7e-05,-0.00321,-0.0034258,-0.000519,0.856585
22402500,4.66814,-3.5e-05,-0.00155,-0.00182991,-0.000392,0.856193
22602500,10.5673,-3.3e-05,-0.00279,-0.00305396,-0.000289,0.855904
22802500,3.43411,-4.6e-05,-0.0015,-0.00186816,-0.000544,0.85536
23002500,3.03059,4e-06,-0.00132,-0.001288,-0.000425,0.854935
23202500,9.22282,-6e-05,-0.00284,-0.00332022,-0.00036,0.854575
23402500,6.06443,-1.8e-05,-0.00193,-0.00207403,-0.000342,0.854233
23602500,5.2483,-1.8e-05,-0.00237,-0.00251393,-0.000479,0.853754
23802500,4.52071,-4e-06,-0.00193,-0.00196199,-0.000434,0.85332
24002500,10.6775,-7.8e-05,-0.00196,-0.00258395,-0.000242,0.853078
24202500,3.25452,1.7e-05,-0.00176,-0.00162401,-0.000499,0.852579
24402500,6.69168,-3.8e-05,-0.00256,-0.00286404,-0.000428,0.852151
24602500,4.10066,-3e-06,-0.00185,-0.001874,-0.000457,0.851694
24802500,9.85322,-7.1e-05,-0.00224,-0.00280817,-0.000285,0.851409
25002500,4.16267,-6e-06,-0.00205,-0.00209799,-0.000504,0.850905
25202500,8.79936,-4.4e-05,-0.0022,-0.00255181,-0.00029,0.850615
25402500,3.44768,0,-0.00201,-0.00201,-0.000583,0.850032
25602500,9.92666,-2e-06,-0.00188,-0.00189599,-0.000191,0.849841
25802500,10.056,-8.7e-05,-0.00224,-0.00293635,-0.000292,0.849549
26002500,3.70514,-1.6e-05,-0.00158,-0.00170807,-0.000461,0.849088
26202500,6.15484,-1.4e-05,-0.00251,-0.00262196,-0.000426,0.848662
26402500,6.13204,-3.7e-05,-0.00239,-0.00268583,-0.000438,0.848224
26602500,6.78193,-2.1e-05,-0.00285,-0.00301796,-0.000445,0.847779
26802500,5.10685,-1.3e-05,-0.00152,-0.00162398,-0.000318,0.847461
27002500,6.0589,-7.1e-05,-0.00234,-0.00290827,-0.00048,0.846981
27202500,4.40253,-5e-06,-0.00136,-0.00140001,-0.000318,0.846663
27402500,7.21901,-5.6e-05,-0.00249,-0.00293814,-0.000407,0.846256
27602500,4.01781,-3e-06,-0.00178,-0.001804,-0.000449,0.845807
27802500,4.62961,-3.3e-05,-0.00181,-0.00207406,-0.000448,0.845359
28002500,6.1254,-2.3e-05,-0.00226,-0.00244403,-0.000399,0.84496
28202500,9.84148,-9e-06,-0.00229,-0.00236195,-0.00024,0.84472
28402500,6.55422,-4.9e-05,-0.00202,-0.00241195,-0.000368,0.844352
28602500,4.53194,-3.6e-05,-0.0022,-0.00248804,-0.000549,0.843803
28802500,5.79881,-5e-06,-0.00192,-0.00196,-0.000338,0.843465
29002500,6.36011,-2.7e-05,-0.00194,-0.00215608,-0.000339,0.843126
29202500,6.3163,-2.2e-05,-0.00242,-0.002596,-0.000411,0.842715
29402500,6.37269,4e-06,-0.00311,-0.00307801,-0.000483,0.842232
29602500,5.21034,-6.1e-05,-0.00194,-0.00242802,-0.000466,0.841766
29802500,5.10378,-2.6e-05,-0.00215,-0.00235794,-0.000462,0.841304
30002500,8.28767,-4.2e-05,-0.00162,-0.00195589,-0.000236,0.841068
30202500,4.69826,-3e-05,-0.00264,-0.00288003,-0.000613,0.840455
30402500,9.65234,-4.7e-05,-0.00279,-0.00316597,-0.000328,0.840127
30602500,6.20947,-1.9e-05,-0.00281,-0.00296192,-0.000477,0.83965
30802500,4.40401,-1.5e-05,-0.00121,-0.00133001,-0.000302,0.839348
31002500,7.64616,-2.6e-05,-0.0023,-0.00250794,-0.000328,0.83902
31202500,3.35634,-3.6e-05,-0.00138,-0.0016681,-0.000497,0.838523
31402500,6.94945,-1.4e-05,-0.00223,-0.00234197,-0.000337,0.838186
31602500,6.01528,-3.1e-05,-0.00211,-0.00235799,-0.000392,0.837794
31802500,6.38535,-1.9e-05,-0.0026,-0.00275208,-0.000431,0.837363
32002500,11.2,-2.4e-05,-0.00244,-0.002632,-0.000235,0.837128
32202500,4.43509,-1.7e-05,-0.00174,-0.00187604,-0.000423,0.836705
32402500,8.68903,-8.7e-05,-0.00271,-0.0034061,-0.000392,0.836313
32602500,4.37046,1.5e-05,-0.00248,-0.00236005,-0.00054,0.835773
32802500,6.4279,-3.9e-05,-0.00179,-0.00210192,-0.000327,0.835446
33002500,3.85995,-1.9e-05,-0.00172,-0.00187208,-0.000485,0.834961
33202500,6.73609,-5.7e-05,-0.00209,-0.00254624,-0.000378,0.834583
33402500,4.77417,-1.2e-05,-0.00168,-0.00177599,-0.000372,0.834211
33602500,7.4076,-3.7e-05,-0.00263,-0.002926,-0.000395,0.833816
33802500,9.80394,-3.9e-05,-0.00259,-0.00290197,-0.000296,0.83352
34002500,5.12153,-3e-05,-0.0025,-0.00274002,-0.000535,0.832985
34202500,5.76723,-3e-05,-0.00209,-0.00232996,-0.000404,0.832581
34402500,7.21427,-2.4e-05,-0.00203,-0.002222,-0.000308,0.832273
34602500,4.63978,-4.5e-05,-0.0017,-0.00206006,-0.000444,0.831829
34802500,5.65892,1.9e-05,-0.00284,-0.00268799,-0.000475,0.831354
35002500,10.6219,-6.8e-05,-0.00157,-0.00211377,-0.000199,0.831155
35202500,3.26733,-9e-06,-0.00214,-0.00221198,-0.000677,0.830478
35402500,10.9769,-3.5e-05,-0.00354,-0.00381995,-0.000348,0.83013
35602500,3.63563,-3.7e-05,-0.00146,-0.00175601,-0.000483,0.829647
35802500,8.84615,0,-0.00161,-0.00161,-0.000182,0.829465
36002500,7.26778,-6.8e-05,-0.00261,-0.00315422,-0.000434,0.829031
36202500,6.79295,-3.4e-05,-0.00182,-0.00209223,-0.000308,0.828723
36402500,4.81433,-7e-06,-0.00264,-0.00269603,-0.00056,0.828163
36602500,5.92045,-4.1e-05,-0.00236,-0.00268789,-0.000454,0.827709
36802500,10.9029,-4.2e-05,-0.00167,-0.00200613,-0.000184,0.827525
37002500,5.72282,2e-06,-0.0027,-0.002684,-0.000469,0.827056
37202500,4.51587,-7.2e-05,-0.00142,-0.00199602,-0.000442,0.826614
37402500,7.40936,4e-06,-0.00224,-0.00220799,-0.000298,0.826316
37602500,6.23851,-6.2e-05,-0.00223,-0.00272623,-0.000437,0.825879
37802500,3.66161,4.4e-05,-0.00219,-0.00183813,-0.000502,0.825377
38002500,7.00681,-4.4e-05,-0.00243,-0.0027817,-0.000397,0.82498
38202500,9.34721,-6.9e-05,-0.00185,-0.00240223,-0.000257,0.824723
38402500,6.83992,-8e-06,-0.0022,-0.00226401,-0.000331,0.824392
38602500,5.6058,-1.3e-05,-0.00257,-0.00267396,-0.000477,0.823915
38802500,5.77342,-4.7e-05,-0.00217,-0.00254608,-0.000441,0.823474
39002500,7.33938,-3.2e-05,-0.00221,-0.00246603,-0.000336,0.823138
39202500,5.63732,-4.2e-05,-0.00193,-0.0022662,-0.000402,0.822736
39402500,4.12959,-2.8e-05,-0.0022,-0.00242407,-0.000587,0.822149
39602500,8.51204,-2e-06,-0.00281,-0.002826,-0.000332,0.821817
39802500,9.41338,-6e-05,-0.00289,-0.00336999,-0.000358,0.821459
40002500,6.02813,-9e-06,-0.00293,-0.00300201,-0.000498,0.820961
40202500,14.2174,-5.4e-05,-0.0018,-0.00223213,-0.000157,0.820804
40402500,6.70117,-2.8e-05,-0.00312,-0.00334389,-0.000499,0.820305
40602500,2.51252,1e-05,-0.00109,-0.00101003,-0.000402,0.819903
40802500,6.27561,-2.7e-05,-0.00306,-0.00327587,-0.000522,0.819381
41002500,5.90713,-6.1e-05,-0.0022,-0.00268774,-0.000455,0.818926
41202500,8.72818,-3e-05,-0.00175,-0.00199003,-0.000228,0.818698
41402500,8.70474,-5.9e-05,-0.00227,-0.00274199,-0.000315,0.818383
41602500,6.07886,-2.6e-05,-0.00257,-0.00277804,-0.000457,0.817926
41802500,7.92436,-3.5e-05,-0.00308,-0.00335993,-0.000424,0.817502
42002500,6.78038,-3e-05,-0.00155,-0.00179002,-0.000264,0.817238
42202500,2.99565,1.3e-05,-0.00215,-0.00204603,-0.000683,0.816555
42402500,7.97174,-4.6e-05,-0.00361,-0.0039779,-0.000499,0.816056
42602500,8.58491,-5.3e-05,-0.00125,-0.00167406,-0.000195,0.815861
42802500,3.82376,-2.7e-05,-0.00139,-0.00160598,-0.00042,0.815441
43002500,12.34,-2.1e-05,-0.00346,-0.00362795,-0.000294,0.815147
43202500,2.6732,-2e-05,-0.0015,-0.00166006,-0.000621,0.814526
43402500,8.23257,-2.9e-05,-0.00288,-0.00311191,-0.000378,0.814148
43602500,8.00585,-9.2e-05,-0.00225,-0.00298618,-0.000373,0.813775
43802500,8.45116,1e-05,-0.00259,-0.00251,-0.000297,0.813478
44002500,6.10007,-3.6e-05,-0.00228,-0.00256813,-0.000421,0.813057
44202500,7.07174,-3.6e-05,-0.00218,-0.00246804,-0.000349,0.812708
44402500,8.63498,-2.8e-05,-0.00342,-0.00364396,-0.000422,0.812286
44602500,6.64526,-7e-05,-0.00144,-0.00200022,-0.000301,0.811985
44802500,5.4477,6e-06,-0.00281,-0.00276199,-0.000507,0.811478
45002500,5.6919,-5.3e-05,-0.00179,-0.00221415,-0.000389,0.811089
45202500,4.53366,2.1e-05,-0.00253,-0.00236203,-0.000521,0.810568
45402500,8.47577,-7.4e-05,-0.0024,-0.00299195,-0.000353,0.810215
45602500,9.04066,-2.6e-05,-0.00245,-0.00265795,-0.000294,0.809921
45802500,5.76092,-3.9e-05,-0.00258,-0.00289198,-0.000502,0.809419
46002500,7.85342,-5.2e-05,-0.00183,-0.00224608,-0.000286,0.809133
46202500,3.92377,-1.3e-05,-0.00216,-0.00226402,-0.000577,0.808556
46402500,5.40225,-2e-05,-0.00219,-0.00234998,-0.000435,0.808121
46602500,11.358,-1.8e-05,-0.0029,-0.00304394,-0.000268,0.807853
46802500,6.73448,-3.6e-05,-0.00217,-0.00245809,-0.000365,0.807488
47002500,5.3504,-4.2e-05,-0.00235,-0.0026859,-0.000502,0.806986
47202500,11.7055,-6.4e-05,-0.00362,-0.00413202,-0.000353,0.806633
47402500,7.9411,-2.5e-05,-0.00304,-0.00323997,-0.000408,0.806225
47602500,6.75038,-3.9e-05,-0.00199,-0.00230188,-0.000341,0.805884
47802500,4.98899,-2e-06,-0.0018,-0.00181599,-0.000364,0.80552
48002500,10.0091,-8.8e-05,-0.00348,-0.0041838,-0.000418,0.805102
48202500,3.68974,-7e-06,-0.00149,-0.001546,-0.000419,0.804683
48402500,7.23914,-3e-05,-0.00288,-0.00312007,-0.000431,0.804252
48602500,4.60402,-2.1e-05,-0.00189,-0.002058,-0.000447,0.803805
48802500,4.01168,-3.5e-05,-0.0011,-0.00138002,-0.000344,0.803461
49002500,7.61819,-4.1e-05,-0.00262,-0.00294824,-0.000387,0.803074
49202500,12.7514,-4.2e-05,-0.00391,-0.00424622,-0.000333,0.802741
49402500,4.51172,-2.9e-05,-0.00169,-0.00192199,-0.000426,0.802315
49602500,4.89779,7e-06,-0.00202,-0.00196401,-0.000401,0.801914
49802500,10.0152,-9.7e-05,-0.00315,-0.00392596,-0.000392,0.801522
50002500,5.95527,-1e-05,-0.00285,-0.00292999,-0.000492,0.80103
50202500,10.3761,-5.2e-05,-0.00251,-0.00292607,-0.000282,0.800748
50402500,7.22771,-6e-05,-0.0033,-0.00378009,-0.000523,0.800225
50602500,5.99621,-7e-06,-0.00314,-0.00319598,-0.000533,0.799692
50802500,13.4729,-4.6e-05,-0.00199,-0.00235776,-0.000175,0.799517
51002500,7.13657,-6.8e-05,-0.00301,-0.00355401,-0.000498,0.799019
51202500,10.7867,-3.2e-05,-0.00202,-0.00227598,-0.000211,0.798808
51402500,8.21999,-5.7e-05,-0.00284,-0.00329622,-0.000401,0.798407
51602500,3.30107,-2.3e-05,-0.00179,-0.00197404,-0.000598,0.797809
51802500,19.4705,-5.8e-05,-0.0038,-0.00426405,-0.000219,0.79759
52002500,6.64749,-8.1e-05,-0.00344,-0.0040882,-0.000615,0.796975
52202500,11.9361,-5.4e-05,-0.00365,-0.00408213,-0.000342,0.796633
52402500,9.4948,-7e-05,-0.00377,-0.00432963,-0.000456,0.796177
52602500,10.5523,-7.7e-05,-0.00332,-0.00393603,-0.000373,0.795804
52802500,14.7621,-0.000105,-0.00446,-0.00529958,-0.000359,0.795445
53002500,18.0448,-0.000108,-0.00464,-0.00550366,-0.000305,0.79514
53202500,19.3975,-0.000199,-0.00797,-0.00956298,-0.000493,0.794647
53402500,21.7022,-0.000146,-0.00493,-0.00609831,-0.000281,0.794366
53602500,22.2029,-0.00024,-0.00796,-0.00988029,-0.000445,0.793921
53802500,24.0281,-0.000288,-0.00995,-0.0122543,-0.00051,0.793411
54002500,68.1649,-0.000324,-0.0107,-0.0132922,-0.000195,0.793216
54202500,28.0965,-0.000402,-0.01263,-0.0158464,-0.000564,0.792652
54402500,80.6109,-0.000455,-0.01482,-0.0184599,-0.000229,0.792423
54602500,39.1404,-0.000529,-0.01569,-0.0199224,-0.000509,0.791914
54802500,53.4552,-0.000561,-0.01759,-0.022077,-0.000413,0.791501
55002500,43.4096,-0.000668,-0.01814,-0.0234846,-0.000541,0.79096
55202500,313.893,-0.000717,-0.02063,-0.026367,-8.4e-05,0.790876
55402500,62.6482,-0.000768,-0.02073,-0.0268761,-0.000429,0.790447
55602500,72.161,-0.000785,-0.02244,-0.0287201,-0.000398,0.790049
55802500,95.1406,-0.000871,-0.02462,-0.0315867,-0.000332,0.789717
56002500,72.7758,-0.00091,-0.0262,-0.0334769,-0.00046,0.789257
56202500,71.4907,-0.000943,-0.02606,-0.0336006,-0.00047,0.788787
56402500,102.691,-0.001089,-0.02898,-0.0376875,-0.000367,0.78842
56602500,177.479,-0.001032,-0.02706,-0.0353184,-0.000199,0.788221
56802500,86.6519,-0.000996,-0.02652,-0.0344874,-0.000398,0.787823
57002500,70.373,-0.000952,-0.0244,-0.0320197,-0.000455,0.787368
57202500,91.3661,-0.000888,-0.02268,-0.0297853,-0.000326,0.787042
57402500,46.6348,-0.000897,-0.02337,-0.0305458,-0.000655,0.786387
57602500,161.482,-0.00079,-0.02,-0.0263215,-0.000163,0.786224
57802500,48.235,-0.000732,-0.01884,-0.0246963,-0.000512,0.785712
58002500,79.3231,-0.000621,-0.01621,-0.0211793,-0.000267,0.785445
58202500,46.3768,-0.000548,-0.01565,-0.0200348,-0.000432,0.785013
58402500,63.4672,-0.000587,-0.01447,-0.0191671,-0.000302,0.784711
58602500,36.9683,-0.000477,-0.01271,-0.0165249,-0.000447,0.784264
58802500,44.1823,-0.000446,-0.01194,-0.015508,-0.000351,0.783913
59002500,30.1697,-0.000383,-0.01184,-0.0149038,-0.000494,0.783419
59202500,35.226,-0.000441,-0.01014,-0.0136677,-0.000388,0.783031
59402500,32.4354,-0.000336,-0.00912,-0.0118065,-0.000364,0.782667
59602500,19.8852,-0.000253,-0.00764,-0.00966421,-0.000486,0.782181
59802500,25.507,-0.00025,-0.00685,-0.00885094,-0.000347,0.781834
60002500,25.1582,-0.000256,-0.00799,-0.0100381,-0.000399,0.781435
60202500,24.1649,-0.000254,-0.00628,-0.00831274,-0.000344,0.781091
60402500,22.995,-0.000223,-0.00677,-0.00855412,-0.000372,0.780719
60602500,54.5653,-0.000301,-0.00785,-0.0102583,-0.000188,0.780531
60802500,15.2119,-0.000212,-0.00699,-0.008686,-0.000571,0.77996
61002500,17.2033,-0.000208,-0.00539,-0.00705335,-0.00041,0.77955
61202500,15.4687,-0.000179,-0.00508,-0.00651233,-0.000421,0.779129
61402500,21.6428,-0.000187,-0.00504,-0.00653614,-0.000302,0.778827
61602500,13.9726,-0.000181,-0.00572,-0.00716797,-0.000513,0.778314
61802500,14.2671,-0.000164,-0.00458,-0.00589232,-0.000413,0.777901
62002500,15.9359,-0.000152,-0.00535,-0.0065656,-0.000412,0.777489
62202500,10.8051,-0.00013,-0.00339,-0.00443009,-0.00041,0.777079
62402500,20.5529,-0.000196,-0.00618,-0.00774844,-0.000377,0.776702
62602500,10.4921,-0.000127,-0.00402,-0.00503619,-0.00048,0.776222
62802500,14.9581,-0.000148,-0.00423,-0.00541483,-0.000362,0.77586
63002500,12.1373,-0.000104,-0.00412,-0.00495202,-0.000408,0.775452
63202500,15.4728,-0.000101,-0.00272,-0.0035278,-0.000228,0.775224
63402500,7.10549,-7.8e-05,-0.00268,-0.00330405,-0.000465,0.774759
63602500,11.9647,-0.000129,-0.00446,-0.0054918,-0.000459,0.7743
63802500,11.6799,-0.000119,-0.00372,-0.00467197,-0.0004,0.7739
64002500,8.86608,-8.3e-05,-0.00259,-0.00325385,-0.000367,0.773533
64202500,7.95432,-7.8e-05,-0.00356,-0.00418397,-0.000526,0.773007
64402500,16.8316,-0.000111,-0.00396,-0.0048475,-0.000288,0.772719
64602500,15.0198,-0.000129,-0.00421,-0.00524192,-0.000349,0.77237
64802500,8.00624,-8.3e-05,-0.00209,-0.00275415,-0.000344,0.772026
65002500,11.4413,-0.00011,-0.00333,-0.00421041,-0.000368,0.771658
65202500,5.75438,-7.8e-05,-0.00364,-0.00426399,-0.000741,0.770917
65402500,31.5474,-8.6e-05,-0.00313,-0.00381724,-0.000121,0.770796
65602500,6.3165,-8.7e-05,-0.0025,-0.00319615,-0.000506,0.77029
65802500,11.0478,-8.7e-05,-0.00348,-0.00417608,-0.000378,0.769912
66002500,7.98283,-5.6e-05,-0.00233,-0.00277803,-0.000348,0.769564
66202500,8.36764,-9.1e-05,-0.00256,-0.00328848,-0.000393,0.769171
66402500,8.17446,-6.2e-05,-0.00288,-0.00337605,-0.000413,0.768758
66602500,7.01745,-5e-05,-0.00247,-0.00287014,-0.000409,0.768349
66802500,6.47557,-3.4e-05,-0.00294,-0.00321188,-0.000496,0.767853
67002500,9.66438,-0.000116,-0.00258,-0.00350817,-0.000363,0.76749
67202500,11.3274,-4.5e-05,-0.00254,-0.00289982,-0.000256,0.767234
67402500,8.54533,-6.7e-05,-0.00266,-0.00319595,-0.000374,0.76686
67602500,7.77669,-0.000139,-0.00339,-0.0045027,-0.000579,0.766281
67802500,7.20065,-2.6e-05,-0.00309,-0.0032979,-0.000458,0.765823
68002500,14.698,-0.000107,-0.00323,-0.00408605,-0.000278,0.765545
68202500,8.23357,-9.8e-05,-0.00302,-0.00380391,-0.000462,0.765083
68402500,11.0496,-0.0001,-0.0032,-0.00399995,-0.000362,0.764721
68602500,5.10538,-3.3e-05,-0.00211,-0.002374,-0.000465,0.764256
68802500,25.498,-6.7e-05,-0.0026,-0.00313625,-0.000123,0.764133
69002500,6.42009,-8.6e-05,-0.00292,-0.00360809,-0.000562,0.763571
69202500,8.84495,-6.8e-05,-0.00218,-0.00272424,-0.000308,0.763263
69402500,4.69786,-2.9e-05,-0.00238,-0.00261201,-0.000556,0.762707
69602500,13.7068,-5.7e-05,-0.00234,-0.00279618,-0.000204,0.762503
69802500,6.29286,-6.6e-05,-0.00287,-0.00339814,-0.00054,0.761963
70002500,5.04243,-5.1e-05,-0.00174,-0.00214807,-0.000426,0.761537
70202500,5.21353,-4e-05,-0.00212,-0.00243993,-0.000468,0.761069
70402500,16.7564,-7.7e-05,-0.00235,-0.00296588,-0.000177,0.760892
70602500,6.30217,-6.5e-05,-0.00265,-0.00316999,-0.000503,0.760389
70802500,5.15181,-2.7e-05,-0.00304,-0.00325594,-0.000632,0.759757
71002500,6.62663,-3.1e-05,-0.00119,-0.00143798,-0.000217,0.75954
71202500,10.4647,-0.000119,-0.00383,-0.00478235,-0.000457,0.759083
71402500,8.89935,-4.1e-05,-0.00187,-0.00219814,-0.000247,0.758836
71602500,3.64174,-4e-06,-0.00192,-0.00195197,-0.000536,0.7583
71802500,11.8443,-7.8e-05,-0.00274,-0.00336378,-0.000284,0.758016
72002500,11.5028,-0.00012,-0.00325,-0.00421003,-0.000366,0.75765
72202500,2.76888,-7e-06,-0.00119,-0.00124599,-0.00045,0.7572
72402500,6.01388,-6e-05,-0.00219,-0.00267016,-0.000444,0.756756
72602500,8.21109,-6.5e-05,-0.00251,-0.00302989,-0.000369,0.756387
72802500,7.30478,-3.7e-05,-0.0021,-0.00239597,-0.000328,0.756059
73002500,6.21325,-6.5e-05,-0.00245,-0.00296993,-0.000478,0.755581
73202500,6.48515,-4.7e-05,-0.00155,-0.00192609,-0.000297,0.755284
73402500,5.29602,-5.6e-05,-0.00265,-0.00309817,-0.000585,0.754699
73602500,11.4622,-7.8e-05,-0.00223,-0.0028541,-0.000249,0.75445
73802500,7.15642,-1.8e-05,-0.00274,-0.00288404,-0.000403,0.754047
74002500,6.00423,-7.5e-05,-0.00221,-0.00280998,-0.000468,0.753579
74202500,4.16975,-3.1e-05,-0.00152,-0.00176797,-0.000424,0.753155
74402500,5.89157,-6e-06,-0.00169,-0.00173801,-0.000295,0.75286
74602500,6.94014,-8.1e-05,-0.0031,-0.00374768,-0.00054,0.75232
74802500,5.637,-3.5e-05,-0.0018,-0.00208005,-0.000369,0.751951
